(kicad_pcb (version 20171130) (host pcbnew "(5.1.8)-1")

  (general
    (thickness 1.6)
    (drawings 19)
    (tracks 298)
    (zones 0)
    (modules 118)
    (nets 73)
  )

  (page A4)
  (layers
    (0 F.Cu signal)
    (31 B.Cu signal)
    (32 B.Adhes user)
    (33 F.Adhes user)
    (34 B.Paste user)
    (35 F.Paste user)
    (36 B.SilkS user)
    (37 F.SilkS user)
    (38 B.Mask user)
    (39 F.Mask user)
    (40 Dwgs.User user)
    (41 Cmts.User user)
    (42 Eco1.User user)
    (43 Eco2.User user)
    (44 Edge.Cuts user)
    (45 Margin user)
    (46 B.CrtYd user)
    (47 F.CrtYd user)
    (48 B.Fab user)
    (49 F.Fab user)
  )

  (setup
    (last_trace_width 1)
    (user_trace_width 0.2)
    (user_trace_width 0.5)
    (user_trace_width 0.75)
    (user_trace_width 1)
    (user_trace_width 1.25)
    (user_trace_width 1.5)
    (user_trace_width 2)
    (trace_clearance 0.2)
    (zone_clearance 0.508)
    (zone_45_only no)
    (trace_min 0.2)
    (via_size 0.8)
    (via_drill 0.4)
    (via_min_size 0.4)
    (via_min_drill 0.3)
    (uvia_size 0.3)
    (uvia_drill 0.1)
    (uvias_allowed no)
    (uvia_min_size 0.2)
    (uvia_min_drill 0.1)
    (edge_width 0.05)
    (segment_width 0.2)
    (pcb_text_width 0.3)
    (pcb_text_size 1.5 1.5)
    (mod_edge_width 0.12)
    (mod_text_size 1 1)
    (mod_text_width 0.15)
    (pad_size 1.524 1.524)
    (pad_drill 0.762)
    (pad_to_mask_clearance 0)
    (aux_axis_origin 0 0)
    (visible_elements 7FFFFFFF)
    (pcbplotparams
      (layerselection 0x010fc_ffffffff)
      (usegerberextensions false)
      (usegerberattributes true)
      (usegerberadvancedattributes true)
      (creategerberjobfile true)
      (excludeedgelayer true)
      (linewidth 0.100000)
      (plotframeref false)
      (viasonmask false)
      (mode 1)
      (useauxorigin false)
      (hpglpennumber 1)
      (hpglpenspeed 20)
      (hpglpendiameter 15.000000)
      (psnegative false)
      (psa4output false)
      (plotreference true)
      (plotvalue true)
      (plotinvisibletext false)
      (padsonsilk false)
      (subtractmaskfromsilk false)
      (outputformat 1)
      (mirror false)
      (drillshape 1)
      (scaleselection 1)
      (outputdirectory ""))
  )

  (net 0 "")
  (net 1 "Net-(AE1-Pad1)")
  (net 2 +3V3)
  (net 3 GND)
  (net 4 "Net-(C3-Pad1)")
  (net 5 "Net-(C4-Pad1)")
  (net 6 /COMMUNICATION/Lora_3.3V)
  (net 7 "Net-(C12-Pad1)")
  (net 8 "Net-(C12-Pad2)")
  (net 9 "Net-(C13-Pad1)")
  (net 10 +5V)
  (net 11 "Net-(C17-Pad1)")
  (net 12 "Net-(C18-Pad2)")
  (net 13 "Net-(C18-Pad1)")
  (net 14 "/POWER sheet 1/vref")
  (net 15 "Net-(C21-Pad1)")
  (net 16 BATT_IN)
  (net 17 "Net-(C23-Pad1)")
  (net 18 "Net-(C24-Pad1)")
  (net 19 "Net-(C25-Pad1)")
  (net 20 "/POWER sheet 1/BTST")
  (net 21 "/POWER sheet 1/REGN")
  (net 22 "Net-(C28-Pad2)")
  (net 23 +BATT)
  (net 24 "Net-(C30-Pad1)")
  (net 25 "Net-(C34-Pad2)")
  (net 26 "Net-(C39-Pad1)")
  (net 27 "Net-(C41-Pad1)")
  (net 28 "Net-(C43-Pad1)")
  (net 29 "Net-(D1-Pad1)")
  (net 30 "Net-(D2-Pad2)")
  (net 31 "Net-(D7-Pad2)")
  (net 32 "/POWER sheet 1/~PG")
  (net 33 18V)
  (net 34 "Net-(D11-Pad1)")
  (net 35 LM_SD)
  (net 36 "Net-(IC1-Pad4)")
  (net 37 "Net-(IC1-Pad5)")
  (net 38 "Net-(IC1-Pad8)")
  (net 39 "Net-(IC2-Pad3)")
  (net 40 "/POWER sheet 1/ISET1")
  (net 41 "/POWER sheet 1/ISET2")
  (net 42 "/POWER sheet 1/ACSET")
  (net 43 "Net-(IC2-Pad19)")
  (net 44 "Net-(IC2-Pad21)")
  (net 45 "Net-(IC4-Pad8)")
  (net 46 "Net-(IC4-Pad9)")
  (net 47 MISO)
  (net 48 SCK)
  (net 49 MOSI)
  (net 50 /RESET)
  (net 51 /TXD-FTDI_RX)
  (net 52 /RXD-FTDI_TX)
  (net 53 "Net-(J4-Pad1)")
  (net 54 /COMMUNICATION/Lora_GND)
  (net 55 "Net-(JP3-Pad2)")
  (net 56 "Net-(JP4-Pad2)")
  (net 57 "Net-(MK1-Pad1)")
  (net 58 "Net-(Q3-Pad1)")
  (net 59 "Net-(R2-Pad1)")
  (net 60 MOTOR_DRV)
  (net 61 "Net-(IC2-Pad23)")
  (net 62 BATT_VOLT)
  (net 63 MCU_TX)
  (net 64 MCURX)
  (net 65 pot_CS)
  (net 66 lora_SS)
  (net 67 PTT)
  (net 68 PD)
  (net 69 /COMMUNICATION/AUDIO_SIGNAL)
  (net 70 "Net-(U3-Pad12)")
  (net 71 "Net-(D3-Pad2)")
  (net 72 /VOL)

  (net_class Default "This is the default net class."
    (clearance 0.2)
    (trace_width 0.25)
    (via_dia 0.8)
    (via_drill 0.4)
    (uvia_dia 0.3)
    (uvia_drill 0.1)
    (add_net +3V3)
    (add_net +5V)
    (add_net +BATT)
    (add_net /COMMUNICATION/AUDIO_SIGNAL)
    (add_net /COMMUNICATION/Lora_3.3V)
    (add_net /COMMUNICATION/Lora_GND)
    (add_net "/POWER sheet 1/ACSET")
    (add_net "/POWER sheet 1/BTST")
    (add_net "/POWER sheet 1/ISET1")
    (add_net "/POWER sheet 1/ISET2")
    (add_net "/POWER sheet 1/REGN")
    (add_net "/POWER sheet 1/vref")
    (add_net "/POWER sheet 1/~PG")
    (add_net /RESET)
    (add_net /RXD-FTDI_TX)
    (add_net /TXD-FTDI_RX)
    (add_net /VOL)
    (add_net 18V)
    (add_net BATT_IN)
    (add_net BATT_VOLT)
    (add_net GND)
    (add_net LM_SD)
    (add_net MCURX)
    (add_net MCU_TX)
    (add_net MISO)
    (add_net MOSI)
    (add_net MOTOR_DRV)
    (add_net "Net-(AE1-Pad1)")
    (add_net "Net-(C12-Pad1)")
    (add_net "Net-(C12-Pad2)")
    (add_net "Net-(C13-Pad1)")
    (add_net "Net-(C17-Pad1)")
    (add_net "Net-(C18-Pad1)")
    (add_net "Net-(C18-Pad2)")
    (add_net "Net-(C21-Pad1)")
    (add_net "Net-(C23-Pad1)")
    (add_net "Net-(C24-Pad1)")
    (add_net "Net-(C25-Pad1)")
    (add_net "Net-(C28-Pad2)")
    (add_net "Net-(C3-Pad1)")
    (add_net "Net-(C30-Pad1)")
    (add_net "Net-(C34-Pad2)")
    (add_net "Net-(C39-Pad1)")
    (add_net "Net-(C4-Pad1)")
    (add_net "Net-(C41-Pad1)")
    (add_net "Net-(C43-Pad1)")
    (add_net "Net-(D1-Pad1)")
    (add_net "Net-(D11-Pad1)")
    (add_net "Net-(D2-Pad2)")
    (add_net "Net-(D3-Pad2)")
    (add_net "Net-(D7-Pad2)")
    (add_net "Net-(IC1-Pad4)")
    (add_net "Net-(IC1-Pad5)")
    (add_net "Net-(IC1-Pad8)")
    (add_net "Net-(IC2-Pad19)")
    (add_net "Net-(IC2-Pad21)")
    (add_net "Net-(IC2-Pad23)")
    (add_net "Net-(IC2-Pad3)")
    (add_net "Net-(IC4-Pad8)")
    (add_net "Net-(IC4-Pad9)")
    (add_net "Net-(J4-Pad1)")
    (add_net "Net-(JP3-Pad2)")
    (add_net "Net-(JP4-Pad2)")
    (add_net "Net-(MK1-Pad1)")
    (add_net "Net-(Q3-Pad1)")
    (add_net "Net-(R2-Pad1)")
    (add_net "Net-(U3-Pad12)")
    (add_net PD)
    (add_net PTT)
    (add_net SCK)
    (add_net lora_SS)
    (add_net pot_CS)
  )

  (module "CoAxial connector:SMA_Amphenol_901-144_Vertical" (layer B.Cu) (tedit 5B2F4C32) (tstamp 612AED93)
    (at 30.226 153.162 90)
    (descr https://www.amphenolrf.com/downloads/dl/file/id/7023/product/3103/901_144_customer_drawing.pdf)
    (tags "SMA THT Female Jack Vertical")
    (path /6131B829/616228CF)
    (fp_text reference AE1 (at -2.794 4.826 -90) (layer B.SilkS)
      (effects (font (size 1 1) (thickness 0.15)) (justify mirror))
    )
    (fp_text value Antenna (at 0 -5 -90) (layer B.Fab)
      (effects (font (size 1 1) (thickness 0.15)) (justify mirror))
    )
    (fp_circle (center 0 0) (end 3.175 0) (layer B.Fab) (width 0.1))
    (fp_line (start 4.17 -4.17) (end -4.17 -4.17) (layer B.CrtYd) (width 0.05))
    (fp_line (start 4.17 -4.17) (end 4.17 4.17) (layer B.CrtYd) (width 0.05))
    (fp_line (start -4.17 4.17) (end -4.17 -4.17) (layer B.CrtYd) (width 0.05))
    (fp_line (start -4.17 4.17) (end 4.17 4.17) (layer B.CrtYd) (width 0.05))
    (fp_line (start -3.175 3.175) (end 3.175 3.175) (layer B.Fab) (width 0.1))
    (fp_line (start -3.175 3.175) (end -3.175 -3.175) (layer B.Fab) (width 0.1))
    (fp_line (start -3.175 -3.175) (end 3.175 -3.175) (layer B.Fab) (width 0.1))
    (fp_line (start 3.175 3.175) (end 3.175 -3.175) (layer B.Fab) (width 0.1))
    (fp_line (start -3.355 1.45) (end -3.355 -1.45) (layer B.SilkS) (width 0.12))
    (fp_line (start 3.355 1.45) (end 3.355 -1.45) (layer B.SilkS) (width 0.12))
    (fp_line (start -1.45 -3.355) (end 1.45 -3.355) (layer B.SilkS) (width 0.12))
    (fp_line (start -1.45 3.355) (end 1.45 3.355) (layer B.SilkS) (width 0.12))
    (fp_text user %R (at 0 0 -90) (layer B.Fab)
      (effects (font (size 1 1) (thickness 0.15)) (justify mirror))
    )
    (pad 1 thru_hole circle (at 0 0 90) (size 2.05 2.05) (drill 1.5) (layers *.Cu *.Mask)
      (net 1 "Net-(AE1-Pad1)"))
    (pad 2 thru_hole circle (at 2.54 -2.54 90) (size 2.25 2.25) (drill 1.7) (layers *.Cu *.Mask))
    (pad 2 thru_hole circle (at 2.54 2.54 90) (size 2.25 2.25) (drill 1.7) (layers *.Cu *.Mask))
    (pad 2 thru_hole circle (at -2.54 2.54 90) (size 2.25 2.25) (drill 1.7) (layers *.Cu *.Mask))
    (pad 2 thru_hole circle (at -2.54 -2.54 90) (size 2.25 2.25) (drill 1.7) (layers *.Cu *.Mask))
    (model ${KISYS3DMOD}/Connector_Coaxial.3dshapes/SMA_Amphenol_901-144_Vertical.wrl
      (at (xyz 0 0 0))
      (scale (xyz 1 1 1))
      (rotate (xyz 0 0 0))
    )
  )

  (module Capacitor_SMD:C_0603_1608Metric (layer F.Cu) (tedit 5F68FEEE) (tstamp 612AEDA4)
    (at 54.597 160.02 180)
    (descr "Capacitor SMD 0603 (1608 Metric), square (rectangular) end terminal, IPC_7351 nominal, (Body size source: IPC-SM-782 page 76, https://www.pcb-3d.com/wordpress/wp-content/uploads/ipc-sm-782a_amendment_1_and_2.pdf), generated with kicad-footprint-generator")
    (tags capacitor)
    (path /6133A85A)
    (attr smd)
    (fp_text reference C1 (at 2.273 -0.254) (layer F.SilkS)
      (effects (font (size 0.75 0.75) (thickness 0.15)))
    )
    (fp_text value 10nF (at 0 1.43) (layer F.Fab)
      (effects (font (size 1 1) (thickness 0.15)))
    )
    (fp_line (start -0.8 0.4) (end -0.8 -0.4) (layer F.Fab) (width 0.1))
    (fp_line (start -0.8 -0.4) (end 0.8 -0.4) (layer F.Fab) (width 0.1))
    (fp_line (start 0.8 -0.4) (end 0.8 0.4) (layer F.Fab) (width 0.1))
    (fp_line (start 0.8 0.4) (end -0.8 0.4) (layer F.Fab) (width 0.1))
    (fp_line (start -0.14058 -0.51) (end 0.14058 -0.51) (layer F.SilkS) (width 0.12))
    (fp_line (start -0.14058 0.51) (end 0.14058 0.51) (layer F.SilkS) (width 0.12))
    (fp_line (start -1.48 0.73) (end -1.48 -0.73) (layer F.CrtYd) (width 0.05))
    (fp_line (start -1.48 -0.73) (end 1.48 -0.73) (layer F.CrtYd) (width 0.05))
    (fp_line (start 1.48 -0.73) (end 1.48 0.73) (layer F.CrtYd) (width 0.05))
    (fp_line (start 1.48 0.73) (end -1.48 0.73) (layer F.CrtYd) (width 0.05))
    (fp_text user %R (at 0 0) (layer F.Fab)
      (effects (font (size 0.4 0.4) (thickness 0.06)))
    )
    (pad 1 smd roundrect (at -0.775 0 180) (size 0.9 0.95) (layers F.Cu F.Paste F.Mask) (roundrect_rratio 0.25)
      (net 2 +3V3))
    (pad 2 smd roundrect (at 0.775 0 180) (size 0.9 0.95) (layers F.Cu F.Paste F.Mask) (roundrect_rratio 0.25)
      (net 3 GND))
    (model ${KISYS3DMOD}/Capacitor_SMD.3dshapes/C_0603_1608Metric.wrl
      (at (xyz 0 0 0))
      (scale (xyz 1 1 1))
      (rotate (xyz 0 0 0))
    )
  )

  (module Capacitor_SMD:C_0603_1608Metric (layer F.Cu) (tedit 5F68FEEE) (tstamp 612AEDB5)
    (at 64.275 159.004)
    (descr "Capacitor SMD 0603 (1608 Metric), square (rectangular) end terminal, IPC_7351 nominal, (Body size source: IPC-SM-782 page 76, https://www.pcb-3d.com/wordpress/wp-content/uploads/ipc-sm-782a_amendment_1_and_2.pdf), generated with kicad-footprint-generator")
    (tags capacitor)
    (path /6133ACA1)
    (attr smd)
    (fp_text reference C2 (at 0 -1.43) (layer F.SilkS)
      (effects (font (size 1 1) (thickness 0.15)))
    )
    (fp_text value 10nF (at 0 1.43) (layer F.Fab)
      (effects (font (size 1 1) (thickness 0.15)))
    )
    (fp_line (start 1.48 0.73) (end -1.48 0.73) (layer F.CrtYd) (width 0.05))
    (fp_line (start 1.48 -0.73) (end 1.48 0.73) (layer F.CrtYd) (width 0.05))
    (fp_line (start -1.48 -0.73) (end 1.48 -0.73) (layer F.CrtYd) (width 0.05))
    (fp_line (start -1.48 0.73) (end -1.48 -0.73) (layer F.CrtYd) (width 0.05))
    (fp_line (start -0.14058 0.51) (end 0.14058 0.51) (layer F.SilkS) (width 0.12))
    (fp_line (start -0.14058 -0.51) (end 0.14058 -0.51) (layer F.SilkS) (width 0.12))
    (fp_line (start 0.8 0.4) (end -0.8 0.4) (layer F.Fab) (width 0.1))
    (fp_line (start 0.8 -0.4) (end 0.8 0.4) (layer F.Fab) (width 0.1))
    (fp_line (start -0.8 -0.4) (end 0.8 -0.4) (layer F.Fab) (width 0.1))
    (fp_line (start -0.8 0.4) (end -0.8 -0.4) (layer F.Fab) (width 0.1))
    (fp_text user %R (at 0 0) (layer F.Fab)
      (effects (font (size 0.4 0.4) (thickness 0.06)))
    )
    (pad 2 smd roundrect (at 0.775 0) (size 0.9 0.95) (layers F.Cu F.Paste F.Mask) (roundrect_rratio 0.25)
      (net 3 GND))
    (pad 1 smd roundrect (at -0.775 0) (size 0.9 0.95) (layers F.Cu F.Paste F.Mask) (roundrect_rratio 0.25)
      (net 2 +3V3))
    (model ${KISYS3DMOD}/Capacitor_SMD.3dshapes/C_0603_1608Metric.wrl
      (at (xyz 0 0 0))
      (scale (xyz 1 1 1))
      (rotate (xyz 0 0 0))
    )
  )

  (module Capacitor_SMD:C_0603_1608Metric (layer F.Cu) (tedit 5F68FEEE) (tstamp 612AEDC6)
    (at 58.941 170.154)
    (descr "Capacitor SMD 0603 (1608 Metric), square (rectangular) end terminal, IPC_7351 nominal, (Body size source: IPC-SM-782 page 76, https://www.pcb-3d.com/wordpress/wp-content/uploads/ipc-sm-782a_amendment_1_and_2.pdf), generated with kicad-footprint-generator")
    (tags capacitor)
    (path /6133E225)
    (attr smd)
    (fp_text reference C3 (at 0 -1.43) (layer F.SilkS)
      (effects (font (size 1 1) (thickness 0.15)))
    )
    (fp_text value 22pF (at 0 1.43) (layer F.Fab)
      (effects (font (size 1 1) (thickness 0.15)))
    )
    (fp_line (start 1.48 0.73) (end -1.48 0.73) (layer F.CrtYd) (width 0.05))
    (fp_line (start 1.48 -0.73) (end 1.48 0.73) (layer F.CrtYd) (width 0.05))
    (fp_line (start -1.48 -0.73) (end 1.48 -0.73) (layer F.CrtYd) (width 0.05))
    (fp_line (start -1.48 0.73) (end -1.48 -0.73) (layer F.CrtYd) (width 0.05))
    (fp_line (start -0.14058 0.51) (end 0.14058 0.51) (layer F.SilkS) (width 0.12))
    (fp_line (start -0.14058 -0.51) (end 0.14058 -0.51) (layer F.SilkS) (width 0.12))
    (fp_line (start 0.8 0.4) (end -0.8 0.4) (layer F.Fab) (width 0.1))
    (fp_line (start 0.8 -0.4) (end 0.8 0.4) (layer F.Fab) (width 0.1))
    (fp_line (start -0.8 -0.4) (end 0.8 -0.4) (layer F.Fab) (width 0.1))
    (fp_line (start -0.8 0.4) (end -0.8 -0.4) (layer F.Fab) (width 0.1))
    (fp_text user %R (at 0 0) (layer F.Fab)
      (effects (font (size 0.4 0.4) (thickness 0.06)))
    )
    (pad 2 smd roundrect (at 0.775 0) (size 0.9 0.95) (layers F.Cu F.Paste F.Mask) (roundrect_rratio 0.25)
      (net 3 GND))
    (pad 1 smd roundrect (at -0.775 0) (size 0.9 0.95) (layers F.Cu F.Paste F.Mask) (roundrect_rratio 0.25)
      (net 4 "Net-(C3-Pad1)"))
    (model ${KISYS3DMOD}/Capacitor_SMD.3dshapes/C_0603_1608Metric.wrl
      (at (xyz 0 0 0))
      (scale (xyz 1 1 1))
      (rotate (xyz 0 0 0))
    )
  )

  (module Capacitor_SMD:C_0603_1608Metric (layer F.Cu) (tedit 5F68FEEE) (tstamp 612AEDD7)
    (at 61.976 170.18)
    (descr "Capacitor SMD 0603 (1608 Metric), square (rectangular) end terminal, IPC_7351 nominal, (Body size source: IPC-SM-782 page 76, https://www.pcb-3d.com/wordpress/wp-content/uploads/ipc-sm-782a_amendment_1_and_2.pdf), generated with kicad-footprint-generator")
    (tags capacitor)
    (path /6133E8E6)
    (attr smd)
    (fp_text reference C4 (at 0 -1.43) (layer F.SilkS)
      (effects (font (size 1 1) (thickness 0.15)))
    )
    (fp_text value 22pF (at 0 1.43) (layer F.Fab)
      (effects (font (size 1 1) (thickness 0.15)))
    )
    (fp_line (start -0.8 0.4) (end -0.8 -0.4) (layer F.Fab) (width 0.1))
    (fp_line (start -0.8 -0.4) (end 0.8 -0.4) (layer F.Fab) (width 0.1))
    (fp_line (start 0.8 -0.4) (end 0.8 0.4) (layer F.Fab) (width 0.1))
    (fp_line (start 0.8 0.4) (end -0.8 0.4) (layer F.Fab) (width 0.1))
    (fp_line (start -0.14058 -0.51) (end 0.14058 -0.51) (layer F.SilkS) (width 0.12))
    (fp_line (start -0.14058 0.51) (end 0.14058 0.51) (layer F.SilkS) (width 0.12))
    (fp_line (start -1.48 0.73) (end -1.48 -0.73) (layer F.CrtYd) (width 0.05))
    (fp_line (start -1.48 -0.73) (end 1.48 -0.73) (layer F.CrtYd) (width 0.05))
    (fp_line (start 1.48 -0.73) (end 1.48 0.73) (layer F.CrtYd) (width 0.05))
    (fp_line (start 1.48 0.73) (end -1.48 0.73) (layer F.CrtYd) (width 0.05))
    (fp_text user %R (at 0 0) (layer F.Fab)
      (effects (font (size 0.4 0.4) (thickness 0.06)))
    )
    (pad 1 smd roundrect (at -0.775 0) (size 0.9 0.95) (layers F.Cu F.Paste F.Mask) (roundrect_rratio 0.25)
      (net 5 "Net-(C4-Pad1)"))
    (pad 2 smd roundrect (at 0.775 0) (size 0.9 0.95) (layers F.Cu F.Paste F.Mask) (roundrect_rratio 0.25)
      (net 3 GND))
    (model ${KISYS3DMOD}/Capacitor_SMD.3dshapes/C_0603_1608Metric.wrl
      (at (xyz 0 0 0))
      (scale (xyz 1 1 1))
      (rotate (xyz 0 0 0))
    )
  )

  (module Capacitor_SMD:C_0603_1608Metric (layer B.Cu) (tedit 5F68FEEE) (tstamp 612AEDE8)
    (at 19.437001 158.987001 270)
    (descr "Capacitor SMD 0603 (1608 Metric), square (rectangular) end terminal, IPC_7351 nominal, (Body size source: IPC-SM-782 page 76, https://www.pcb-3d.com/wordpress/wp-content/uploads/ipc-sm-782a_amendment_1_and_2.pdf), generated with kicad-footprint-generator")
    (tags capacitor)
    (path /6131B829/6133606D)
    (attr smd)
    (fp_text reference C6 (at 2.556999 -0.120999 270) (layer B.SilkS)
      (effects (font (size 1 1) (thickness 0.15)) (justify mirror))
    )
    (fp_text value 10nF (at 0 -1.43 270) (layer B.Fab)
      (effects (font (size 1 1) (thickness 0.15)) (justify mirror))
    )
    (fp_line (start -0.8 -0.4) (end -0.8 0.4) (layer B.Fab) (width 0.1))
    (fp_line (start -0.8 0.4) (end 0.8 0.4) (layer B.Fab) (width 0.1))
    (fp_line (start 0.8 0.4) (end 0.8 -0.4) (layer B.Fab) (width 0.1))
    (fp_line (start 0.8 -0.4) (end -0.8 -0.4) (layer B.Fab) (width 0.1))
    (fp_line (start -0.14058 0.51) (end 0.14058 0.51) (layer B.SilkS) (width 0.12))
    (fp_line (start -0.14058 -0.51) (end 0.14058 -0.51) (layer B.SilkS) (width 0.12))
    (fp_line (start -1.48 -0.73) (end -1.48 0.73) (layer B.CrtYd) (width 0.05))
    (fp_line (start -1.48 0.73) (end 1.48 0.73) (layer B.CrtYd) (width 0.05))
    (fp_line (start 1.48 0.73) (end 1.48 -0.73) (layer B.CrtYd) (width 0.05))
    (fp_line (start 1.48 -0.73) (end -1.48 -0.73) (layer B.CrtYd) (width 0.05))
    (fp_text user %R (at 0 0 270) (layer B.Fab)
      (effects (font (size 0.4 0.4) (thickness 0.06)) (justify mirror))
    )
    (pad 1 smd roundrect (at -0.775 0 270) (size 0.9 0.95) (layers B.Cu B.Paste B.Mask) (roundrect_rratio 0.25)
      (net 2 +3V3))
    (pad 2 smd roundrect (at 0.775 0 270) (size 0.9 0.95) (layers B.Cu B.Paste B.Mask) (roundrect_rratio 0.25)
      (net 3 GND))
    (model ${KISYS3DMOD}/Capacitor_SMD.3dshapes/C_0603_1608Metric.wrl
      (at (xyz 0 0 0))
      (scale (xyz 1 1 1))
      (rotate (xyz 0 0 0))
    )
  )

  (module Capacitor_SMD:C_0603_1608Metric (layer B.Cu) (tedit 5F68FEEE) (tstamp 612AEDF9)
    (at 17.526 159.017 270)
    (descr "Capacitor SMD 0603 (1608 Metric), square (rectangular) end terminal, IPC_7351 nominal, (Body size source: IPC-SM-782 page 76, https://www.pcb-3d.com/wordpress/wp-content/uploads/ipc-sm-782a_amendment_1_and_2.pdf), generated with kicad-footprint-generator")
    (tags capacitor)
    (path /6131B829/61336073)
    (attr smd)
    (fp_text reference C7 (at 2.527 0 270) (layer B.SilkS)
      (effects (font (size 1 1) (thickness 0.15)) (justify mirror))
    )
    (fp_text value 100nF (at 0 -1.43 270) (layer B.Fab)
      (effects (font (size 1 1) (thickness 0.15)) (justify mirror))
    )
    (fp_line (start -0.8 -0.4) (end -0.8 0.4) (layer B.Fab) (width 0.1))
    (fp_line (start -0.8 0.4) (end 0.8 0.4) (layer B.Fab) (width 0.1))
    (fp_line (start 0.8 0.4) (end 0.8 -0.4) (layer B.Fab) (width 0.1))
    (fp_line (start 0.8 -0.4) (end -0.8 -0.4) (layer B.Fab) (width 0.1))
    (fp_line (start -0.14058 0.51) (end 0.14058 0.51) (layer B.SilkS) (width 0.12))
    (fp_line (start -0.14058 -0.51) (end 0.14058 -0.51) (layer B.SilkS) (width 0.12))
    (fp_line (start -1.48 -0.73) (end -1.48 0.73) (layer B.CrtYd) (width 0.05))
    (fp_line (start -1.48 0.73) (end 1.48 0.73) (layer B.CrtYd) (width 0.05))
    (fp_line (start 1.48 0.73) (end 1.48 -0.73) (layer B.CrtYd) (width 0.05))
    (fp_line (start 1.48 -0.73) (end -1.48 -0.73) (layer B.CrtYd) (width 0.05))
    (fp_text user %R (at 0 0 270) (layer B.Fab)
      (effects (font (size 0.4 0.4) (thickness 0.06)) (justify mirror))
    )
    (pad 1 smd roundrect (at -0.775 0 270) (size 0.9 0.95) (layers B.Cu B.Paste B.Mask) (roundrect_rratio 0.25)
      (net 2 +3V3))
    (pad 2 smd roundrect (at 0.775 0 270) (size 0.9 0.95) (layers B.Cu B.Paste B.Mask) (roundrect_rratio 0.25)
      (net 3 GND))
    (model ${KISYS3DMOD}/Capacitor_SMD.3dshapes/C_0603_1608Metric.wrl
      (at (xyz 0 0 0))
      (scale (xyz 1 1 1))
      (rotate (xyz 0 0 0))
    )
  )

  (module Capacitor_SMD:C_0603_1608Metric (layer B.Cu) (tedit 5F68FEEE) (tstamp 612AEE0A)
    (at 21.336 159.004 270)
    (descr "Capacitor SMD 0603 (1608 Metric), square (rectangular) end terminal, IPC_7351 nominal, (Body size source: IPC-SM-782 page 76, https://www.pcb-3d.com/wordpress/wp-content/uploads/ipc-sm-782a_amendment_1_and_2.pdf), generated with kicad-footprint-generator")
    (tags capacitor)
    (path /6131B829/61336079)
    (attr smd)
    (fp_text reference C8 (at 2.54 0 270) (layer B.SilkS)
      (effects (font (size 1 1) (thickness 0.15)) (justify mirror))
    )
    (fp_text value 100nF (at 0 -1.43 270) (layer B.Fab)
      (effects (font (size 1 1) (thickness 0.15)) (justify mirror))
    )
    (fp_line (start 1.48 -0.73) (end -1.48 -0.73) (layer B.CrtYd) (width 0.05))
    (fp_line (start 1.48 0.73) (end 1.48 -0.73) (layer B.CrtYd) (width 0.05))
    (fp_line (start -1.48 0.73) (end 1.48 0.73) (layer B.CrtYd) (width 0.05))
    (fp_line (start -1.48 -0.73) (end -1.48 0.73) (layer B.CrtYd) (width 0.05))
    (fp_line (start -0.14058 -0.51) (end 0.14058 -0.51) (layer B.SilkS) (width 0.12))
    (fp_line (start -0.14058 0.51) (end 0.14058 0.51) (layer B.SilkS) (width 0.12))
    (fp_line (start 0.8 -0.4) (end -0.8 -0.4) (layer B.Fab) (width 0.1))
    (fp_line (start 0.8 0.4) (end 0.8 -0.4) (layer B.Fab) (width 0.1))
    (fp_line (start -0.8 0.4) (end 0.8 0.4) (layer B.Fab) (width 0.1))
    (fp_line (start -0.8 -0.4) (end -0.8 0.4) (layer B.Fab) (width 0.1))
    (fp_text user %R (at 0 0 270) (layer B.Fab)
      (effects (font (size 0.4 0.4) (thickness 0.06)) (justify mirror))
    )
    (pad 2 smd roundrect (at 0.775 0 270) (size 0.9 0.95) (layers B.Cu B.Paste B.Mask) (roundrect_rratio 0.25)
      (net 3 GND))
    (pad 1 smd roundrect (at -0.775 0 270) (size 0.9 0.95) (layers B.Cu B.Paste B.Mask) (roundrect_rratio 0.25)
      (net 2 +3V3))
    (model ${KISYS3DMOD}/Capacitor_SMD.3dshapes/C_0603_1608Metric.wrl
      (at (xyz 0 0 0))
      (scale (xyz 1 1 1))
      (rotate (xyz 0 0 0))
    )
  )

  (module Capacitor_SMD:C_0603_1608Metric (layer B.Cu) (tedit 5F68FEEE) (tstamp 612AEE1B)
    (at 73.406 174.498 90)
    (descr "Capacitor SMD 0603 (1608 Metric), square (rectangular) end terminal, IPC_7351 nominal, (Body size source: IPC-SM-782 page 76, https://www.pcb-3d.com/wordpress/wp-content/uploads/ipc-sm-782a_amendment_1_and_2.pdf), generated with kicad-footprint-generator")
    (tags capacitor)
    (path /6131B829/614532CD)
    (attr smd)
    (fp_text reference C9 (at 0 1.43 -90) (layer B.SilkS)
      (effects (font (size 1 1) (thickness 0.15)) (justify mirror))
    )
    (fp_text value 100nF (at 0 -1.43 -90) (layer B.Fab)
      (effects (font (size 1 1) (thickness 0.15)) (justify mirror))
    )
    (fp_line (start 1.48 -0.73) (end -1.48 -0.73) (layer B.CrtYd) (width 0.05))
    (fp_line (start 1.48 0.73) (end 1.48 -0.73) (layer B.CrtYd) (width 0.05))
    (fp_line (start -1.48 0.73) (end 1.48 0.73) (layer B.CrtYd) (width 0.05))
    (fp_line (start -1.48 -0.73) (end -1.48 0.73) (layer B.CrtYd) (width 0.05))
    (fp_line (start -0.14058 -0.51) (end 0.14058 -0.51) (layer B.SilkS) (width 0.12))
    (fp_line (start -0.14058 0.51) (end 0.14058 0.51) (layer B.SilkS) (width 0.12))
    (fp_line (start 0.8 -0.4) (end -0.8 -0.4) (layer B.Fab) (width 0.1))
    (fp_line (start 0.8 0.4) (end 0.8 -0.4) (layer B.Fab) (width 0.1))
    (fp_line (start -0.8 0.4) (end 0.8 0.4) (layer B.Fab) (width 0.1))
    (fp_line (start -0.8 -0.4) (end -0.8 0.4) (layer B.Fab) (width 0.1))
    (fp_text user %R (at 0 0 -90) (layer B.Fab)
      (effects (font (size 0.4 0.4) (thickness 0.06)) (justify mirror))
    )
    (pad 2 smd roundrect (at 0.775 0 90) (size 0.9 0.95) (layers B.Cu B.Paste B.Mask) (roundrect_rratio 0.25)
      (net 6 /COMMUNICATION/Lora_3.3V))
    (pad 1 smd roundrect (at -0.775 0 90) (size 0.9 0.95) (layers B.Cu B.Paste B.Mask) (roundrect_rratio 0.25)
      (net 3 GND))
    (model ${KISYS3DMOD}/Capacitor_SMD.3dshapes/C_0603_1608Metric.wrl
      (at (xyz 0 0 0))
      (scale (xyz 1 1 1))
      (rotate (xyz 0 0 0))
    )
  )

  (module Capacitor_SMD:C_0603_1608Metric (layer B.Cu) (tedit 5F68FEEE) (tstamp 612AEE2C)
    (at 57.163 168.91)
    (descr "Capacitor SMD 0603 (1608 Metric), square (rectangular) end terminal, IPC_7351 nominal, (Body size source: IPC-SM-782 page 76, https://www.pcb-3d.com/wordpress/wp-content/uploads/ipc-sm-782a_amendment_1_and_2.pdf), generated with kicad-footprint-generator")
    (tags capacitor)
    (path /6131B829/61336022)
    (attr smd)
    (fp_text reference C10 (at 2.781 0) (layer B.SilkS)
      (effects (font (size 1 1) (thickness 0.15)) (justify mirror))
    )
    (fp_text value 10uF (at 3.797 0) (layer B.Fab)
      (effects (font (size 1 1) (thickness 0.15)) (justify mirror))
    )
    (fp_line (start 1.48 -0.73) (end -1.48 -0.73) (layer B.CrtYd) (width 0.05))
    (fp_line (start 1.48 0.73) (end 1.48 -0.73) (layer B.CrtYd) (width 0.05))
    (fp_line (start -1.48 0.73) (end 1.48 0.73) (layer B.CrtYd) (width 0.05))
    (fp_line (start -1.48 -0.73) (end -1.48 0.73) (layer B.CrtYd) (width 0.05))
    (fp_line (start -0.14058 -0.51) (end 0.14058 -0.51) (layer B.SilkS) (width 0.12))
    (fp_line (start -0.14058 0.51) (end 0.14058 0.51) (layer B.SilkS) (width 0.12))
    (fp_line (start 0.8 -0.4) (end -0.8 -0.4) (layer B.Fab) (width 0.1))
    (fp_line (start 0.8 0.4) (end 0.8 -0.4) (layer B.Fab) (width 0.1))
    (fp_line (start -0.8 0.4) (end 0.8 0.4) (layer B.Fab) (width 0.1))
    (fp_line (start -0.8 -0.4) (end -0.8 0.4) (layer B.Fab) (width 0.1))
    (fp_text user %R (at 0 0) (layer B.Fab)
      (effects (font (size 0.4 0.4) (thickness 0.06)) (justify mirror))
    )
    (pad 2 smd roundrect (at 0.775 0) (size 0.9 0.95) (layers B.Cu B.Paste B.Mask) (roundrect_rratio 0.25)
      (net 3 GND))
    (pad 1 smd roundrect (at -0.775 0) (size 0.9 0.95) (layers B.Cu B.Paste B.Mask) (roundrect_rratio 0.25)
      (net 2 +3V3))
    (model ${KISYS3DMOD}/Capacitor_SMD.3dshapes/C_0603_1608Metric.wrl
      (at (xyz 0 0 0))
      (scale (xyz 1 1 1))
      (rotate (xyz 0 0 0))
    )
  )

  (module Capacitor_SMD:C_0603_1608Metric (layer B.Cu) (tedit 5F68FEEE) (tstamp 612AEE3D)
    (at 57.15 170.688)
    (descr "Capacitor SMD 0603 (1608 Metric), square (rectangular) end terminal, IPC_7351 nominal, (Body size source: IPC-SM-782 page 76, https://www.pcb-3d.com/wordpress/wp-content/uploads/ipc-sm-782a_amendment_1_and_2.pdf), generated with kicad-footprint-generator")
    (tags capacitor)
    (path /6131B829/61336028)
    (attr smd)
    (fp_text reference C11 (at 2.781 0) (layer B.SilkS)
      (effects (font (size 1 1) (thickness 0.15)) (justify mirror))
    )
    (fp_text value 10nF (at 0 -1.43) (layer B.Fab)
      (effects (font (size 1 1) (thickness 0.15)) (justify mirror))
    )
    (fp_line (start -0.8 -0.4) (end -0.8 0.4) (layer B.Fab) (width 0.1))
    (fp_line (start -0.8 0.4) (end 0.8 0.4) (layer B.Fab) (width 0.1))
    (fp_line (start 0.8 0.4) (end 0.8 -0.4) (layer B.Fab) (width 0.1))
    (fp_line (start 0.8 -0.4) (end -0.8 -0.4) (layer B.Fab) (width 0.1))
    (fp_line (start -0.14058 0.51) (end 0.14058 0.51) (layer B.SilkS) (width 0.12))
    (fp_line (start -0.14058 -0.51) (end 0.14058 -0.51) (layer B.SilkS) (width 0.12))
    (fp_line (start -1.48 -0.73) (end -1.48 0.73) (layer B.CrtYd) (width 0.05))
    (fp_line (start -1.48 0.73) (end 1.48 0.73) (layer B.CrtYd) (width 0.05))
    (fp_line (start 1.48 0.73) (end 1.48 -0.73) (layer B.CrtYd) (width 0.05))
    (fp_line (start 1.48 -0.73) (end -1.48 -0.73) (layer B.CrtYd) (width 0.05))
    (fp_text user %R (at 0 0) (layer B.Fab)
      (effects (font (size 0.4 0.4) (thickness 0.06)) (justify mirror))
    )
    (pad 1 smd roundrect (at -0.775 0) (size 0.9 0.95) (layers B.Cu B.Paste B.Mask) (roundrect_rratio 0.25)
      (net 2 +3V3))
    (pad 2 smd roundrect (at 0.775 0) (size 0.9 0.95) (layers B.Cu B.Paste B.Mask) (roundrect_rratio 0.25)
      (net 3 GND))
    (model ${KISYS3DMOD}/Capacitor_SMD.3dshapes/C_0603_1608Metric.wrl
      (at (xyz 0 0 0))
      (scale (xyz 1 1 1))
      (rotate (xyz 0 0 0))
    )
  )

  (module Capacitor_SMD:C_0603_1608Metric (layer B.Cu) (tedit 5F68FEEE) (tstamp 612AEE4E)
    (at 58.433 181.864 180)
    (descr "Capacitor SMD 0603 (1608 Metric), square (rectangular) end terminal, IPC_7351 nominal, (Body size source: IPC-SM-782 page 76, https://www.pcb-3d.com/wordpress/wp-content/uploads/ipc-sm-782a_amendment_1_and_2.pdf), generated with kicad-footprint-generator")
    (tags capacitor)
    (path /6131B829/61336096)
    (attr smd)
    (fp_text reference C12 (at 0.013 -1.27) (layer B.SilkS)
      (effects (font (size 1 1) (thickness 0.15)) (justify mirror))
    )
    (fp_text value 0.1uF (at 0 -1.43) (layer B.Fab)
      (effects (font (size 1 1) (thickness 0.15)) (justify mirror))
    )
    (fp_line (start -0.8 -0.4) (end -0.8 0.4) (layer B.Fab) (width 0.1))
    (fp_line (start -0.8 0.4) (end 0.8 0.4) (layer B.Fab) (width 0.1))
    (fp_line (start 0.8 0.4) (end 0.8 -0.4) (layer B.Fab) (width 0.1))
    (fp_line (start 0.8 -0.4) (end -0.8 -0.4) (layer B.Fab) (width 0.1))
    (fp_line (start -0.14058 0.51) (end 0.14058 0.51) (layer B.SilkS) (width 0.12))
    (fp_line (start -0.14058 -0.51) (end 0.14058 -0.51) (layer B.SilkS) (width 0.12))
    (fp_line (start -1.48 -0.73) (end -1.48 0.73) (layer B.CrtYd) (width 0.05))
    (fp_line (start -1.48 0.73) (end 1.48 0.73) (layer B.CrtYd) (width 0.05))
    (fp_line (start 1.48 0.73) (end 1.48 -0.73) (layer B.CrtYd) (width 0.05))
    (fp_line (start 1.48 -0.73) (end -1.48 -0.73) (layer B.CrtYd) (width 0.05))
    (fp_text user %R (at 0 0) (layer B.Fab)
      (effects (font (size 0.4 0.4) (thickness 0.06)) (justify mirror))
    )
    (pad 1 smd roundrect (at -0.775 0 180) (size 0.9 0.95) (layers B.Cu B.Paste B.Mask) (roundrect_rratio 0.25)
      (net 7 "Net-(C12-Pad1)"))
    (pad 2 smd roundrect (at 0.775 0 180) (size 0.9 0.95) (layers B.Cu B.Paste B.Mask) (roundrect_rratio 0.25)
      (net 8 "Net-(C12-Pad2)"))
    (model ${KISYS3DMOD}/Capacitor_SMD.3dshapes/C_0603_1608Metric.wrl
      (at (xyz 0 0 0))
      (scale (xyz 1 1 1))
      (rotate (xyz 0 0 0))
    )
  )

  (module Capacitor_Tantalum_SMD:CP_EIA-2012-12_Kemet-R (layer B.Cu) (tedit 5EBA9318) (tstamp 612AEE61)
    (at 56.134 186.944 270)
    (descr "Tantalum Capacitor SMD Kemet-R (2012-12 Metric), IPC_7351 nominal, (Body size from: https://www.vishay.com/docs/40182/tmch.pdf), generated with kicad-footprint-generator")
    (tags "capacitor tantalum")
    (path /6131B829/613360EB)
    (attr smd)
    (fp_text reference C13 (at 0 1.58 270) (layer B.SilkS)
      (effects (font (size 1 1) (thickness 0.15)) (justify mirror))
    )
    (fp_text value 1.0uF (at 0 -1.58 270) (layer B.Fab)
      (effects (font (size 1 1) (thickness 0.15)) (justify mirror))
    )
    (fp_line (start 1 0.625) (end -0.6875 0.625) (layer B.Fab) (width 0.1))
    (fp_line (start -0.6875 0.625) (end -1 0.3125) (layer B.Fab) (width 0.1))
    (fp_line (start -1 0.3125) (end -1 -0.625) (layer B.Fab) (width 0.1))
    (fp_line (start -1 -0.625) (end 1 -0.625) (layer B.Fab) (width 0.1))
    (fp_line (start 1 -0.625) (end 1 0.625) (layer B.Fab) (width 0.1))
    (fp_line (start 1 0.785) (end -1.71 0.785) (layer B.SilkS) (width 0.12))
    (fp_line (start -1.71 0.785) (end -1.71 -0.785) (layer B.SilkS) (width 0.12))
    (fp_line (start -1.71 -0.785) (end 1 -0.785) (layer B.SilkS) (width 0.12))
    (fp_line (start -1.7 -0.88) (end -1.7 0.88) (layer B.CrtYd) (width 0.05))
    (fp_line (start -1.7 0.88) (end 1.7 0.88) (layer B.CrtYd) (width 0.05))
    (fp_line (start 1.7 0.88) (end 1.7 -0.88) (layer B.CrtYd) (width 0.05))
    (fp_line (start 1.7 -0.88) (end -1.7 -0.88) (layer B.CrtYd) (width 0.05))
    (fp_text user %R (at 0 0 270) (layer B.Fab)
      (effects (font (size 0.5 0.5) (thickness 0.08)) (justify mirror))
    )
    (pad 1 smd roundrect (at -0.8875 0 270) (size 1.125 1.05) (layers B.Cu B.Paste B.Mask) (roundrect_rratio 0.238095)
      (net 9 "Net-(C13-Pad1)"))
    (pad 2 smd roundrect (at 0.8875 0 270) (size 1.125 1.05) (layers B.Cu B.Paste B.Mask) (roundrect_rratio 0.238095)
      (net 3 GND))
    (model ${KISYS3DMOD}/Capacitor_Tantalum_SMD.3dshapes/CP_EIA-2012-12_Kemet-R.wrl
      (at (xyz 0 0 0))
      (scale (xyz 1 1 1))
      (rotate (xyz 0 0 0))
    )
  )

  (module Capacitor_Tantalum_SMD:CP_EIA-2012-12_Kemet-R (layer B.Cu) (tedit 5EBA9318) (tstamp 612AEE74)
    (at 66.6735 187.96)
    (descr "Tantalum Capacitor SMD Kemet-R (2012-12 Metric), IPC_7351 nominal, (Body size from: https://www.vishay.com/docs/40182/tmch.pdf), generated with kicad-footprint-generator")
    (tags "capacitor tantalum")
    (path /6131B829/613360C6)
    (attr smd)
    (fp_text reference C14 (at 3.1735 0) (layer B.SilkS)
      (effects (font (size 1 1) (thickness 0.15)) (justify mirror))
    )
    (fp_text value 1.0uF (at 0 -1.58) (layer B.Fab)
      (effects (font (size 1 1) (thickness 0.15)) (justify mirror))
    )
    (fp_line (start 1.7 -0.88) (end -1.7 -0.88) (layer B.CrtYd) (width 0.05))
    (fp_line (start 1.7 0.88) (end 1.7 -0.88) (layer B.CrtYd) (width 0.05))
    (fp_line (start -1.7 0.88) (end 1.7 0.88) (layer B.CrtYd) (width 0.05))
    (fp_line (start -1.7 -0.88) (end -1.7 0.88) (layer B.CrtYd) (width 0.05))
    (fp_line (start -1.71 -0.785) (end 1 -0.785) (layer B.SilkS) (width 0.12))
    (fp_line (start -1.71 0.785) (end -1.71 -0.785) (layer B.SilkS) (width 0.12))
    (fp_line (start 1 0.785) (end -1.71 0.785) (layer B.SilkS) (width 0.12))
    (fp_line (start 1 -0.625) (end 1 0.625) (layer B.Fab) (width 0.1))
    (fp_line (start -1 -0.625) (end 1 -0.625) (layer B.Fab) (width 0.1))
    (fp_line (start -1 0.3125) (end -1 -0.625) (layer B.Fab) (width 0.1))
    (fp_line (start -0.6875 0.625) (end -1 0.3125) (layer B.Fab) (width 0.1))
    (fp_line (start 1 0.625) (end -0.6875 0.625) (layer B.Fab) (width 0.1))
    (fp_text user %R (at 0 0) (layer B.Fab)
      (effects (font (size 0.5 0.5) (thickness 0.08)) (justify mirror))
    )
    (pad 2 smd roundrect (at 0.8875 0) (size 1.125 1.05) (layers B.Cu B.Paste B.Mask) (roundrect_rratio 0.238095)
      (net 3 GND))
    (pad 1 smd roundrect (at -0.8875 0) (size 1.125 1.05) (layers B.Cu B.Paste B.Mask) (roundrect_rratio 0.238095)
      (net 10 +5V))
    (model ${KISYS3DMOD}/Capacitor_Tantalum_SMD.3dshapes/CP_EIA-2012-12_Kemet-R.wrl
      (at (xyz 0 0 0))
      (scale (xyz 1 1 1))
      (rotate (xyz 0 0 0))
    )
  )

  (module Capacitor_Tantalum_SMD:CP_EIA-2012-12_Kemet-R (layer B.Cu) (tedit 5EBA9318) (tstamp 612AEE87)
    (at 66.6765 185.928)
    (descr "Tantalum Capacitor SMD Kemet-R (2012-12 Metric), IPC_7351 nominal, (Body size from: https://www.vishay.com/docs/40182/tmch.pdf), generated with kicad-footprint-generator")
    (tags "capacitor tantalum")
    (path /6131B829/613360FF)
    (attr smd)
    (fp_text reference C15 (at 3.1735 -0.254) (layer B.SilkS)
      (effects (font (size 1 1) (thickness 0.15)) (justify mirror))
    )
    (fp_text value 10nF (at 0 -1.58) (layer B.Fab)
      (effects (font (size 1 1) (thickness 0.15)) (justify mirror))
    )
    (fp_line (start 1.7 -0.88) (end -1.7 -0.88) (layer B.CrtYd) (width 0.05))
    (fp_line (start 1.7 0.88) (end 1.7 -0.88) (layer B.CrtYd) (width 0.05))
    (fp_line (start -1.7 0.88) (end 1.7 0.88) (layer B.CrtYd) (width 0.05))
    (fp_line (start -1.7 -0.88) (end -1.7 0.88) (layer B.CrtYd) (width 0.05))
    (fp_line (start -1.71 -0.785) (end 1 -0.785) (layer B.SilkS) (width 0.12))
    (fp_line (start -1.71 0.785) (end -1.71 -0.785) (layer B.SilkS) (width 0.12))
    (fp_line (start 1 0.785) (end -1.71 0.785) (layer B.SilkS) (width 0.12))
    (fp_line (start 1 -0.625) (end 1 0.625) (layer B.Fab) (width 0.1))
    (fp_line (start -1 -0.625) (end 1 -0.625) (layer B.Fab) (width 0.1))
    (fp_line (start -1 0.3125) (end -1 -0.625) (layer B.Fab) (width 0.1))
    (fp_line (start -0.6875 0.625) (end -1 0.3125) (layer B.Fab) (width 0.1))
    (fp_line (start 1 0.625) (end -0.6875 0.625) (layer B.Fab) (width 0.1))
    (fp_text user %R (at 0 0) (layer B.Fab)
      (effects (font (size 0.5 0.5) (thickness 0.08)) (justify mirror))
    )
    (pad 2 smd roundrect (at 0.8875 0) (size 1.125 1.05) (layers B.Cu B.Paste B.Mask) (roundrect_rratio 0.238095)
      (net 3 GND))
    (pad 1 smd roundrect (at -0.8875 0) (size 1.125 1.05) (layers B.Cu B.Paste B.Mask) (roundrect_rratio 0.238095)
      (net 10 +5V))
    (model ${KISYS3DMOD}/Capacitor_Tantalum_SMD.3dshapes/CP_EIA-2012-12_Kemet-R.wrl
      (at (xyz 0 0 0))
      (scale (xyz 1 1 1))
      (rotate (xyz 0 0 0))
    )
  )

  (module Capacitor_Tantalum_SMD:CP_EIA-2012-12_Kemet-R (layer F.Cu) (tedit 5EBA9318) (tstamp 612AEE9A)
    (at 26.162 193.802 180)
    (descr "Tantalum Capacitor SMD Kemet-R (2012-12 Metric), IPC_7351 nominal, (Body size from: https://www.vishay.com/docs/40182/tmch.pdf), generated with kicad-footprint-generator")
    (tags "capacitor tantalum")
    (path /615FCEB9/618BCEAF)
    (attr smd)
    (fp_text reference C17 (at 0 -1.58) (layer F.SilkS)
      (effects (font (size 1 1) (thickness 0.15)))
    )
    (fp_text value 2.2uF (at 0 1.58) (layer F.Fab)
      (effects (font (size 1 1) (thickness 0.15)))
    )
    (fp_line (start 1 -0.625) (end -0.6875 -0.625) (layer F.Fab) (width 0.1))
    (fp_line (start -0.6875 -0.625) (end -1 -0.3125) (layer F.Fab) (width 0.1))
    (fp_line (start -1 -0.3125) (end -1 0.625) (layer F.Fab) (width 0.1))
    (fp_line (start -1 0.625) (end 1 0.625) (layer F.Fab) (width 0.1))
    (fp_line (start 1 0.625) (end 1 -0.625) (layer F.Fab) (width 0.1))
    (fp_line (start 1 -0.785) (end -1.71 -0.785) (layer F.SilkS) (width 0.12))
    (fp_line (start -1.71 -0.785) (end -1.71 0.785) (layer F.SilkS) (width 0.12))
    (fp_line (start -1.71 0.785) (end 1 0.785) (layer F.SilkS) (width 0.12))
    (fp_line (start -1.7 0.88) (end -1.7 -0.88) (layer F.CrtYd) (width 0.05))
    (fp_line (start -1.7 -0.88) (end 1.7 -0.88) (layer F.CrtYd) (width 0.05))
    (fp_line (start 1.7 -0.88) (end 1.7 0.88) (layer F.CrtYd) (width 0.05))
    (fp_line (start 1.7 0.88) (end -1.7 0.88) (layer F.CrtYd) (width 0.05))
    (fp_text user %R (at 0.092 0) (layer F.Fab)
      (effects (font (size 0.5 0.5) (thickness 0.08)))
    )
    (pad 1 smd roundrect (at -0.8875 0 180) (size 1.125 1.05) (layers F.Cu F.Paste F.Mask) (roundrect_rratio 0.238095)
      (net 11 "Net-(C17-Pad1)"))
    (pad 2 smd roundrect (at 0.8875 0 180) (size 1.125 1.05) (layers F.Cu F.Paste F.Mask) (roundrect_rratio 0.238095)
      (net 3 GND))
    (model ${KISYS3DMOD}/Capacitor_Tantalum_SMD.3dshapes/CP_EIA-2012-12_Kemet-R.wrl
      (at (xyz 0 0 0))
      (scale (xyz 1 1 1))
      (rotate (xyz 0 0 0))
    )
  )

  (module Capacitor_SMD:C_0603_1608Metric (layer F.Cu) (tedit 5F68FEEE) (tstamp 612AEEAB)
    (at 13.386 178.148 90)
    (descr "Capacitor SMD 0603 (1608 Metric), square (rectangular) end terminal, IPC_7351 nominal, (Body size source: IPC-SM-782 page 76, https://www.pcb-3d.com/wordpress/wp-content/uploads/ipc-sm-782a_amendment_1_and_2.pdf), generated with kicad-footprint-generator")
    (tags capacitor)
    (path /615FCEB9/61AE58F3)
    (attr smd)
    (fp_text reference C18 (at 0 -1.43 90) (layer F.SilkS)
      (effects (font (size 1 1) (thickness 0.15)))
    )
    (fp_text value 0.1uF (at 0 1.43 90) (layer F.Fab)
      (effects (font (size 1 1) (thickness 0.15)))
